1 1 41.00
1 2 85.00
1 3 72.00
2 1 38.00
2 2 80.00
2 3 69.00
3 1 65.00
3 2 68.00
3 3 96.00
4 1 22.00
4 2 49.00
4 3 67.00
5 1 51.00
5 2 61.00
5 3 63.00
6 1 87.00
6 2 66.00
6 3 24.00
7 1 80.00
7 2 83.00
7 3 71.00
8 1 60.00
8 2 64.00
8 3 52.00
9 1 90.00
9 2 60.00
9 3 49.00
10 1 31.00
10 2 23.00
10 3 99.00
11 1 94.00
11 2 11.00
11 3 25.00
12 1 24.00
12 2 51.00
12 3 15.00
13 1 13.00
13 2 39.00
13 3 67.00
14 1 97.00
14 2 19.00
14 3 76.00
15 1 12.00
15 2 33.00
15 3 99.00
16 1 18.00
16 2 92.00
16 3 35.00
17 1 74.00
17 2 0.00
17 3 95.00
18 1 71.00
18 2 39.00
18 3 33.00
19 1 39.00
19 2 32.00
19 3 37.00
20 1 45.00
20 2 57.00
20 3 71.00
21 1 95.00
21 2 5.00
21 3 71.00
22 1 24.00
22 2 86.00
22 3 8.00
23 1 51.00
23 2 54.00
23 3 74.00
24 1 24.00
24 2 75.00
24 3 70.00
25 1 33.00
25 2 63.00
25 3 29.00
26 1 99.00
26 2 58.00
26 3 94.00
27 1 52.00
27 2 13.00
27 3 35.00
28 1 99.00
28 2 46.00
28 3 57.00
29 1 71.00
29 2 23.00
29 3 17.00
